10 10
908672753.2187 7912596196.9881 1990956112.5946 903096779.9529 422358374.0688 1743729307.0136 11323079169.5239 89009480.0909 1039399065.9090 1069445294.4548
1508706690.8336 773062330.9858 3524939505.4724 1133297585.6389 2704609222.3072 665231660.6899 270359036.8498 53559038.4516 10394044167.1173 311919063.6393
550511281.2538 902785874.0965 1195178138.6358 19406251234.4180 940854766.9196 595981153.1284 707387710.4145 178240502.0583 2569046749.0410 978879259.4726
1839433079.4218 877242509.5770 1018890963.1938 4373429693.7539 12716110339.9570 2808097201.0814 475787730.8426 1305396198.6269 199923909.6776 167292628.1913
56379836.4669 1719999016.5972 751194044.9232 1002690520.1559 2013139140.6315 248630957.5237 3522990656.3317 205492150.9469 113865761.9154 1067818599.7080
11160489634.4408 1926385115.4412 66584397.0264 1335635279.9308 17601567.4238 3112381226.6287 133057955.6629 700274.2494 1410163289.6521 936922579.5073
735290924.7985 6704846358.2648 2836852169.4096 1400851767.9277 28513432619.0232 1445998529.0032 1591198949.7034 1467032885.9069 4343110708.6348 20579278775.8041
549787174.1704 1088003664.2351 2203290504.8282 466976865.1179 3804416684.0556 7446346327.3364 635324495.7331 384225060.7519 8741468.7376 4578650122.2246
1453627024.4277 2554490002.3583 131812723.2169 1579691601.7980 225941553.8603 2997049798.0436 349146881.3121 3733226892.6347 384697222.2962 13791029743.9825
149836161.1649 2940442254.8340 1457413911.1121 112088025223.1908 3129499052.1261 977873511.3254 9478583158.0730 730070947.2305 2152903237.9072 633017982.7241
